5113962
5464394
1275937
4842962
8823776
4825036
3313992
964499
7675308
3064941
537555
2870180
9220258
7523937
1951044
8295709
347981
6592215
8032007
5067207
5960519
4782654
4980953
2484026
3503275
395607
7934719
2573456
6887124
7812731
2429182
2001086
5793477
3705119
9360401
4617253
1046508
5190745
8098104
1238168
8255686
8635660
4108348
9992296
6159597
8575744
804357
9023931
5167960
8836364
6607490
3644831
6135371
4104796
8645209
2154998
4500403
6579929
7244806
1387527
6909012
9673988
5904965
2702490
5895460
5265366
7319743
9458320
2972463
7934200
696488
3744501
6569860
4804836
3736797
5245809
5896933
7057506
4269740
1064893
8410223
3393583
4709724
7061946
7498379
3354933
9216944
1998782
2451214
6461750
5902661
9360227
6135738
1807626
2062717
4547550
7072993
1898812
4005870
45456
9833012
4702358
3789958
8919224
2023547
43107
4165034
7920480
9616966
951126
1501725
8027189
4344709
8727801
5089135
4359440
4599086
4306079
6358222
7050301
3284181
2260883
8926880
1936271
4068510
989597
6483822
3657855
5404761
3006044
6219663
7754126
224755
2525973
6673350
4764654
2569081
3354736
2685134
4702399
4305863
6703211
2729588
1166924
7947364
335075
5526365
2546450
7157506
4400939
2113103
441687
6661823
1039983
4894310
3246685
4545932
3894484
9420892
2467046
6900529
5640555
221172
7125284
8166529
6894522
1889938
3251962
249259
7091424
7954361
7071474
6310987
3200301
754750
4258351
6051728
6281115
9321153
3209234
3198407
1434257
6167273
9860230
4990592
1061583
5623267
2052877
7472420
5044159
4519923
4372949
3201066
4741095
4014585
3883947
4151969
8420875
7135909
6917580
