g++ -Wall mytsp.cpp -lglpk -lm



16
0.3720751099158428  0.8854997478823642
0.4418202128456069  0.6563730121852704
0.3281098629013215  0.8965254909808400
0.5462351159873582  0.6615548001888929
0.5338516042259762  0.7480234912354609
0.3681871799603976  0.8455706624526393
0.2843932724950804  0.9162659924087422
0.7432693106789464  0.0859196135243027
0.6055622690383169  0.0693114879863856
0.1667971541950466  0.6799476238339895
0.2285322212746982  0.5114901072864840
0.4067291055837316  0.2238342302031043
0.2574509313597581  0.3256484103974180
0.8716194615101532  0.0972275515539700
0.0743328654553429  0.7439751414321247
0.5152220761008663  0.4464079753711857